Let's start!
-20
Memory required:  315K.


LINPACK benchmark, Double precision.
Machine precision:  15 digits.
Array size 200 X 200.
Average rolled and unrolled performance:

    Reps Time(s) DGEFA   DGESL  OVERHEAD    KFLOPS
----------------------------------------------------
    2048   0.58  71.72%   2.98%  25.29%  6542420.718
    4096   1.20  72.64%   3.12%  24.24%  6162182.927
    8192   2.31  71.72%   2.99%  25.29%  6532812.970
   16384   4.92  72.42%   3.25%  24.32%  6048215.787
   32768  10.50  72.12%   3.59%  24.29%  5663072.740

-17
Memory required:  315K.


LINPACK benchmark, Double precision.
Machine precision:  15 digits.
Array size 200 X 200.
Average rolled and unrolled performance:

    Reps Time(s) DGEFA   DGESL  OVERHEAD    KFLOPS
----------------------------------------------------
    2048   0.59  71.86%   3.20%  24.94%  6300145.748
    4096   1.30  71.80%   3.63%  24.57%  5730394.843
    8192   2.64  72.51%   3.70%  23.78%  5582096.296
   16384   5.02  72.23%   3.47%  24.29%  5923779.195
   32768   9.43  71.93%   3.12%  24.95%  6359851.448
   65536  19.07  71.98%   3.17%  24.85%  6280016.566

-14
Memory required:  315K.


LINPACK benchmark, Double precision.
Machine precision:  15 digits.
Array size 200 X 200.
Average rolled and unrolled performance:

    Reps Time(s) DGEFA   DGESL  OVERHEAD    KFLOPS
----------------------------------------------------
    2048   0.57  71.69%   2.96%  25.35%  6567121.895
    4096   1.15  71.69%   2.96%  25.35%  6571640.749
    8192   2.40  71.98%   3.20%  24.81%  6244298.668
   16384   4.78  72.02%   3.18%  24.80%  6254011.014
   32768   9.28  71.78%   3.05%  25.17%  6478441.586
   65536  18.71  71.73%   3.12%  25.15%  6425251.240

-11
Memory required:  315K.


LINPACK benchmark, Double precision.
Machine precision:  15 digits.
Array size 200 X 200.
Average rolled and unrolled performance:

    Reps Time(s) DGEFA   DGESL  OVERHEAD    KFLOPS
----------------------------------------------------
    2048   0.61  71.78%   3.34%  24.87%  6175049.106
    4096   1.16  71.87%   2.96%  25.17%  6501872.867
    8192   2.31  71.85%   2.98%  25.17%  6503827.409
   16384   4.63  71.86%   2.99%  25.15%  6488382.932
   32768   9.27  71.85%   3.00%  25.15%  6482397.472
   65536  18.46  71.82%   2.98%  25.21%  6517327.435

-8
Memory required:  315K.


LINPACK benchmark, Double precision.
Machine precision:  15 digits.
Array size 200 X 200.
Average rolled and unrolled performance:

    Reps Time(s) DGEFA   DGESL  OVERHEAD    KFLOPS
----------------------------------------------------
    2048   0.58  71.80%   3.00%  25.19%  6500670.656
    4096   1.16  71.70%   3.09%  25.21%  6478726.055
    8192   2.37  71.71%   3.22%  25.07%  6345476.980
   16384   4.94  71.95%   3.35%  24.70%  6051962.250
   32768   9.53  71.78%   3.22%  25.00%  6294763.892
   65536  18.48  71.63%   3.04%  25.33%  6522575.339

-5
Memory required:  315K.


LINPACK benchmark, Double precision.
Machine precision:  15 digits.
Array size 200 X 200.
Average rolled and unrolled performance:

    Reps Time(s) DGEFA   DGESL  OVERHEAD    KFLOPS
----------------------------------------------------
    2048   0.58  71.77%   2.99%  25.24%  6530480.830
    4096   1.16  71.75%   3.04%  25.21%  6485134.608
    8192   2.32  71.83%   3.04%  25.13%  6467255.236
   16384   4.74  71.91%   3.18%  24.92%  6325013.994
   32768   9.48  71.84%   3.17%  25.00%  6329052.588
   65536  18.85  71.96%   3.13%  24.91%  6358172.464

-2
Memory required:  315K.


LINPACK benchmark, Double precision.
Machine precision:  15 digits.
Array size 200 X 200.
Average rolled and unrolled performance:

    Reps Time(s) DGEFA   DGESL  OVERHEAD    KFLOPS
----------------------------------------------------
    2048   0.58  71.63%   3.15%  25.22%  6462908.453
    4096   1.17  71.82%   3.16%  25.02%  6390724.627
    8192   2.30  71.72%   3.00%  25.28%  6539226.399
   16384   4.59  71.72%   2.96%  25.32%  6559890.489
   32768   9.40  71.79%   3.11%  25.10%  6393003.410
   65536  18.59  71.72%   3.05%  25.22%  6476139.244

1
Memory required:  315K.


LINPACK benchmark, Double precision.
Machine precision:  15 digits.
Array size 200 X 200.
Average rolled and unrolled performance:

    Reps Time(s) DGEFA   DGESL  OVERHEAD    KFLOPS
----------------------------------------------------
    2048   0.61  71.71%   3.33%  24.96%  6169549.723
    4096   1.24  72.13%   3.35%  24.51%  6033412.096
    8192   2.36  71.84%   3.15%  25.01%  6347302.799
   16384   4.61  71.75%   2.99%  25.27%  6528491.296
   32768   9.26  71.66%   3.05%  25.29%  6503258.779
   65536  18.36  71.64%   2.98%  25.39%  6569245.327

4
Memory required:  315K.


LINPACK benchmark, Double precision.
Machine precision:  15 digits.
Array size 200 X 200.
Average rolled and unrolled performance:

    Reps Time(s) DGEFA   DGESL  OVERHEAD    KFLOPS
----------------------------------------------------
    2048   0.58  71.67%   3.02%  25.30%  6522484.582
    4096   1.20  71.71%   3.17%  25.12%  6282989.799
    8192   2.34  71.72%   3.12%  25.16%  6424195.497
   16384   4.73  71.81%   3.16%  25.04%  6342892.200
   32768   9.34  71.72%   3.11%  25.17%  6441948.831
   65536  18.78  71.74%   3.12%  25.14%  6400625.516

7
Memory required:  315K.


LINPACK benchmark, Double precision.
Machine precision:  15 digits.
Array size 200 X 200.
Average rolled and unrolled performance:

    Reps Time(s) DGEFA   DGESL  OVERHEAD    KFLOPS
----------------------------------------------------
    2048   0.57  71.56%   2.94%  25.50%  6609499.683
    4096   1.17  71.68%   3.10%  25.22%  6438268.729
    8192   2.38  71.65%   3.21%  25.14%  6321843.666
   16384   4.62  71.59%   3.02%  25.39%  6528578.431
   32768   9.28  71.66%   3.04%  25.31%  6490016.739
   65536  18.78  71.62%   3.15%  25.23%  6410154.435

10
Memory required:  315K.


LINPACK benchmark, Double precision.
Machine precision:  15 digits.
Array size 200 X 200.
Average rolled and unrolled performance:

    Reps Time(s) DGEFA   DGESL  OVERHEAD    KFLOPS
----------------------------------------------------
    2048   0.58  71.78%   3.02%  25.19%  6492252.625
    4096   1.25  72.06%   3.31%  24.63%  5986303.051
    8192   2.36  71.82%   3.12%  25.07%  6362411.391
   16384   4.79  71.93%   3.16%  24.92%  6253082.906
   32768   9.78  72.00%   3.28%  24.71%  6113102.865
   65536  19.78  72.06%   3.34%  24.60%  6036189.148

13
Memory required:  315K.


LINPACK benchmark, Double precision.
Machine precision:  15 digits.
Array size 200 X 200.
Average rolled and unrolled performance:

    Reps Time(s) DGEFA   DGESL  OVERHEAD    KFLOPS
----------------------------------------------------
    2048   0.57  71.73%   2.98%  25.30%  6555825.162
    4096   1.15  71.79%   3.00%  25.21%  6512788.213
    8192   2.30  71.72%   2.98%  25.29%  6550343.907
   16384   4.59  71.72%   2.97%  25.31%  6558500.410
   32768   9.21  71.75%   2.99%  25.26%  6536846.000
   65536  20.04  72.08%   3.43%  24.49%  5948193.710

16
Memory required:  315K.


LINPACK benchmark, Double precision.
Machine precision:  15 digits.
Array size 200 X 200.
Average rolled and unrolled performance:

    Reps Time(s) DGEFA   DGESL  OVERHEAD    KFLOPS
----------------------------------------------------
    2048   0.59  72.00%   3.17%  24.83%  6294787.666
    4096   1.23  72.69%   3.19%  24.13%  6047715.091
    8192   2.34  72.00%   3.06%  24.94%  6391523.378
   16384   4.79  72.49%   3.13%  24.38%  6212918.533
   32768   9.78  72.75%   3.21%  24.05%  6056771.284
   65536  19.28  72.14%   3.22%  24.64%  6194238.829

19
Memory required:  315K.


LINPACK benchmark, Double precision.
Machine precision:  15 digits.
Array size 200 X 200.
Average rolled and unrolled performance:

    Reps Time(s) DGEFA   DGESL  OVERHEAD    KFLOPS
----------------------------------------------------
    2048   0.58  71.63%   3.11%  25.27%  6477897.901
    4096   1.16  71.76%   3.04%  25.20%  6468006.298
    8192   2.38  71.75%   3.20%  25.05%  6309820.395
   16384   4.70  71.71%   3.20%  25.09%  6388516.395
   32768   9.45  71.70%   3.21%  25.09%  6359273.565
   65536  18.81  71.62%   3.21%  25.17%  6394145.682

2
4
8
16
32
2
Memory required:  315K.


LINPACK benchmark, Double precision.
Machine precision:  15 digits.
Array size 200 X 200.
Average rolled and unrolled performance:

    Reps Time(s) DGEFA   DGESL  OVERHEAD    KFLOPS
----------------------------------------------------
    2048   0.58  71.98%   2.99%  25.03%  6427153.554
    4096   1.17  71.99%   2.98%  25.03%  6431261.178
    8192   2.34  72.00%   2.99%  25.01%  6422864.159
   16384   4.82  72.23%   3.16%  24.61%  6185499.144
   32768   9.40  72.03%   3.03%  24.93%  6378179.625
   65536  19.15  72.11%   3.13%  24.77%  6247327.932

4
Memory required:  315K.


LINPACK benchmark, Double precision.
Machine precision:  15 digits.
Array size 200 X 200.
Average rolled and unrolled performance:

    Reps Time(s) DGEFA   DGESL  OVERHEAD    KFLOPS
----------------------------------------------------
    2048   0.58  72.01%   2.99%  25.00%  6436552.235
    4096   1.16  71.95%   2.97%  25.08%  6462945.580
    8192   2.33  72.01%   2.99%  25.00%  6436316.565
   16384   4.66  72.03%   2.98%  24.99%  6431676.642
   32768   9.34  72.06%   2.99%  24.96%  6419051.996
   65536  18.84  72.11%   3.03%  24.86%  6356692.800

8
Memory required:  315K.


LINPACK benchmark, Double precision.
Machine precision:  15 digits.
Array size 200 X 200.
Average rolled and unrolled performance:

    Reps Time(s) DGEFA   DGESL  OVERHEAD    KFLOPS
----------------------------------------------------
    2048   0.64  71.93%   3.70%  24.37%  5818270.081
    4096   1.21  71.84%   3.30%  24.86%  6181950.725
    8192   2.34  71.58%   3.16%  25.26%  6426738.674
   16384   5.11  71.95%   3.66%  24.39%  5826677.315
   32768   9.57  71.67%   3.29%  25.04%  6271182.764
   65536  22.18  72.43%   3.88%  23.70%  5318017.285

16
Memory required:  315K.


LINPACK benchmark, Double precision.
Machine precision:  15 digits.
Array size 200 X 200.
Average rolled and unrolled performance:

    Reps Time(s) DGEFA   DGESL  OVERHEAD    KFLOPS
----------------------------------------------------
    2048   0.64  72.18%   3.49%  24.33%  5794440.530
    4096   1.23  71.79%   3.34%  24.87%  6094696.568
    8192   2.71  72.23%   3.69%  24.07%  5463932.680
   16384   4.96  72.13%   3.26%  24.61%  6013129.955
   32768  10.66  72.30%   3.52%  24.18%  5569683.275

32
Memory required:  315K.


LINPACK benchmark, Double precision.
Machine precision:  15 digits.
Array size 200 X 200.
Average rolled and unrolled performance:

    Reps Time(s) DGEFA   DGESL  OVERHEAD    KFLOPS
----------------------------------------------------
    2048   0.69  72.35%   3.57%  24.08%  5399371.612
    4096   1.34  72.29%   3.47%  24.24%  5528398.714
    8192   2.64  72.10%   3.42%  24.48%  5639944.348
   16384   5.23  72.08%   3.45%  24.47%  5696053.600
   32768  10.55  72.20%   3.46%  24.34%  5637507.495

